global K0 J l J1;
K0 = 0.01;
J = 0.005309688;
l = 0.33/sqrt(2);
J1 = 0.00577;